[a, b, c, d ... z] = [0, 0, 0, 0 ... 0]

petr
      0 0 0 0 0 0 0 0 1 1 1 1 1 1 1 1 1 1 2 2 2 2 2 2 2 2 # decimal value
      2 3 4 5 6 7 8 9 0 1 2 3 4 5 6 7 8 9 0 1 2 3 4 5 6 7 # unitary value
   #  a b c d e f g h i j k l m n o p q r s t u v w x y z
p -> [1 1 1 1 1 1 1 1 1 1 1 1 1 1 1 1 0 0 0 0 0 0 0 0 0 0]
e -> [2 2 2 2 2 1 1 1 1 1 1 1 1 1 1 1 0 0 0 0 0 0 0 0 0 0]
t -> [3 3 3 3 3 2 2 2 2 2 2 2 2 2 2 2 1 1 1 1 0 0 0 0 0 0]
r -> [4 4 4 4 4 3 3 3 3 3 3 3 3 3 3 3 2 2 1 1 0 0 0 0 0 0]

aqst

   #  a b c d e f g h i j k l m n o p q r s t u v w x y z
a -> [1 0 0 0 0 0 0 0 0 0 0 0 0 0 0 0 0 0 0 0 0 0 0 0 0 0]
q -> [2 1 1 1 1 1 1 1 1 1 1 1 1 1 1 1 1 0 0 0 0 0 0 0 0 0]
s -> [3 2 2 2 2 2 2 2 2 2 2 2 2 2 2 2 2 1 1 0 0 0 0 0 0 0]
t -> [4 3 3 3 3 3 3 3 3 3 3 3 3 3 3 3 3 2 2 1 0 0 0 0 0 0]


 0 0 0 0 0 0 0 0 1 1 1 1 1 1 1 1  1 1  2 2 2 2 2 2 2 2 # decimal value
 2 3 4 5 6 7 8 9 0 1 2 3 4 5 6 7  8 9  0 1 2 3 4 5 6 7 # unitary value

[4 4 4 4 4 3 3 3 3 3 3 3 3 3 3 3  2 2  1 1 0 0 0 0 0 0]
[4 3 3 3 3 3 3 3 3 3 3 3 3 3 3 3  3 2  2 1 0 0 0 0 0 0]

[0 1 1 1 1 0 0 0 0 0 0 0 0 0 0 0 -1 0 -1 0 0 0 0 0 0 0]

3*4*5*6 / (18*20) = 1


       ← ↓                   ← ↓ ↑   ↑
[4 4 4 4 4 3 3 3 3 3 3 3 3 3 3 3 2 2 1 1 0 0 0 0 0 0]

18 -> 3*6
20 -> 2*2*5 = 4*5
         
         ↓
[0 0 1 1 0 0 0 0 0 0 0 0 0 0 0 0  0 0 -1 0 0 0 0 0 0 0] is not valid
[0 1 1 1 1 0 0 0 0 0 0 0 0 0 0 0 -1 0 -1 0 0 0 0 0 0 0] is valid


[4 3 3 3 3 3 3 3 3 3 3 3 3 3 3 3 3 2 2 1 0 0 0 0 0 0]

